! new fit to Optics_all_-10_fit_tree
 ---------------------------------------------
      0.336643406    0.0151522695  -0.00531365765     0.256021141 10000
      -2.99254622    -0.136844716    0.0381581199     0.130192976 01000
     -0.026024349    -0.435411251     0.270097779   0.00278565265 00100
       0.28102839   -0.0990912875       -2.323405    0.0407874298 00010
     -0.159448776   -0.0753802552    0.0159126937    -0.318166729 20000
      0.880471153     0.475111336   -0.0818580976      3.07552684 11000
       5.94976539    -0.137737669    -0.113973666       2.1477619 02000
    -0.0400473296      1.54172377    -0.404751886   -0.0297352223 10100
       1.83170791     0.584214328    -0.059494023     -0.26612453 01100
     0.0524277954   -0.0565973628    0.0381992358   -0.0438953228 00200
     -0.603360406     -21.5483843       5.3042531    -0.249121889 10010
      -6.03039913     -9.85635988      1.72376406      4.27708696 01010
     -0.703737908    -0.144746901    0.0303954747     0.475605891 00110
       1.29373485     -1.63998201      1.94210007     -3.53478948 00020
      0.873415444    -0.110591107    0.0869351195     0.936834319 30000
      -23.5187032      3.61558324     -1.87161735     -13.5405899 21000
       178.172649     -33.8198295      13.7459394      51.8797642 12000
      -466.689484      95.0645279     -28.0933677      -20.498985 03000
       2.73139154     -3.87880819     0.795755151   -0.0312542194 20100
      -30.5916585      47.5368704     -9.83318238     0.284008412 11100
       89.5374628      -130.21917      23.7655482      3.95564331 02100
       2.15171834      2.54145404    -0.620232008     0.954315611 10200
      -24.1604875     -22.4172016      4.56445638     -7.06883817 01200
      0.905967154    -0.696661335    -0.367861007    -0.358205667 00300
        -26.68747      55.4171127     -11.8185097     -2.74488175 20010
       305.126783     -676.725665      140.774827      10.6819836 11010
      -994.701301      1846.23116     -355.095177      -46.776265 02010
       -26.808476     -39.2810788      7.53636425     0.434687181 10110
       331.983146      365.253217     -73.0968719      25.6924121 01110
      -11.0676794      37.9575691    -0.801572865      -3.1559352 00210
       171.270799      6.55019431      11.5993227      31.9077575 10020
      -1989.85609     -150.070968     -80.0044202     -467.898102 01020
       108.562731     -512.904969      52.3057882       34.179037 00120
      -484.700655      2582.91556     -385.090741     -71.5085362 00030
      -16.9755701      2.44241577    -0.803014992     -2.30278775 40000
       378.124223      -53.612871      19.3544732      58.0248309 31000
      -3028.73144      483.606898     -158.413143     -491.562374 22000
       9525.12352     -2058.51014      608.849858      1718.29721 13000
      -4190.02376      3361.08395     -1002.12453     -1950.10403 04000
      -27.7256999    -0.270989154       1.1424388     -1.46212838 30100
       448.400127     -8.93789058     -11.3209902      47.2957535 21100
      -2275.02423     -74.7912647      69.2203696     -432.372956 12100
       2581.58072      723.099945      -190.84727      1323.39948 03100
      -20.5852268      -6.8748228     0.903151852     -1.00472512 20200
       162.637183      118.737163     -25.4104149      16.7434624 11200
       111.709667     -220.836553      56.9311306     -67.2731587 02200
       2.32507187     -8.40040921      6.41830115      4.98155457 10300
      -88.6712802     -75.6274853      14.4457145     -37.4367181 01300
      -1.97042037      3.42491791     -2.70449749      3.83526317 00400
       174.386236     -46.0612555      3.29183341      20.4063547 30010
      -2287.36143      873.633687     -126.223747     -521.870646 21010
       7950.20395     -3174.36092      542.942321      4021.85608 12010
       2734.74372     -1151.12824      200.047395     -11081.6594 03010
       228.332032        203.1109     -35.5859694     -26.1090659 20110
      -1780.31624     -2672.45724      503.030661      343.660595 11110
       -1588.6608      3434.31791     -435.220829     -974.052221 02110
       84.5146713      243.092061     -144.542396      -36.510193 10210
       70.5357432      1392.77179     -193.202316       292.43684 01210
       39.3760327      -15.097911      20.3878055     -84.9391998 00310
      -894.995746      -786.01095      113.814995      406.369321 20020
        7149.3734      8574.51747     -1944.38093     -4586.96491 11020
       1775.51824      2293.45374     -439.532868      9358.46286 02020
      -905.690601     -2440.09398      920.315095      60.2646297 10120
       2646.75761      -5271.2648      710.017736     -697.205971 01120
      -262.897988      168.536274     -179.834195      726.975013 00220
       2534.77592       11191.689     -2640.43054      536.066295 10030
       663.213875      153.063281      -199.40151     -2336.48364 01030
       356.483355      2033.36134     -983.995506     -1667.46714 00130
       27.6603131      395.931601     -233.385542      3912.11649 00040
       72.7499153     -4.41242533     0.925463125      4.96781903 50000
      -1494.43992       87.247155     -18.9894201     -214.635508 41000
       10112.5818     -558.710361      106.145266      3438.51266 32000
      -20806.2259       912.92538     -149.086861     -27888.4078 23000
      -10546.4718      782.567028     -193.514814      118850.529 14000
      -3127.10347      306.190184     -84.3910626       -209797.8 05000
       78.5882245      17.4244514     -5.40177263      3.07907961 40100
      -1192.68042     -225.044502      73.5073035     -71.7570318 31100
       4793.50635      578.115037     -217.109487      175.230779 22100
      -3167.38407      308.067212      114.345883      3660.70792 13100
      -1132.54665     -296.755206      162.304088     -18679.7717 04100
       84.0207003     -39.6197112      13.0078507     -9.82929708 30200
      -808.853919      310.329632     -78.6141401      223.223395 21200
       1607.96828     -255.321787      9.54317763     -1934.55934 12200
      -357.646343     -656.830192      81.6597699      6295.96049 03200
       5.00545904      19.0152011     -4.11921144      7.53241271 20300
      -273.470715      290.466564      -92.352317     -173.118732 11300
       2976.15866     -212.944745      104.543833      1077.44822 02300
        6.2733904     -15.9896411      20.0631122     -1.11240314 10400
       95.1067048     -71.9022542       23.613676     -107.686882 01400
      -1.45675991      48.2209408     -11.4987822     -1.36754912 00500
      -228.208361     -70.9779449      19.4300812     -48.5819865 40010
       2178.69086      627.598277     -176.558371      1952.97191 31010
      -752.526559      272.584042     -312.922441     -20776.5089 22010
      -667.017509      123.294763     -92.5464773      79440.7749 13010
      -165.838106     -2.39940248     -9.37429012     -71841.5676 04010
      -693.113805      374.603207     -134.248205      63.7792928 30110
       4335.84354     -1785.79065      587.842087      -1765.8266 21110
       678.960286      -681.07232      215.935782      11961.6529 12110
       25.1512943     -200.483667      52.7256232     -36062.5709 03110
       239.991486     -855.125191      236.636473     -8.69875712 20210
      -4743.21348     -2414.21887      707.295297      1607.73072 11210
      -805.702102      -818.30783      303.405464     -11675.9844 02210
      -109.275867      238.379263     -360.902279      165.982247 10310
      -1912.80585      246.439727     -13.2416589      946.869731 01310
       -55.476101     -831.476987      185.655045      164.395576 00410
       656.412711     -541.374343      204.526216     -2407.64911 30020
       1749.66192     -1593.83582      331.948161      55520.9916 21020
       316.251974     -433.404388      92.5783056     -418149.697 12020
       41.7832606     -81.7944507      17.1484241      1118597.09 03020
       915.501098      7138.82021     -2039.41687       332.50163 20120
       212.477171      129.178828       178.01674     -14254.2451 11120
       28.5762701     -62.1622031      76.2348069      52657.7588 02120
       2068.37897      212.436404      1171.33484     -3998.95843 10220
      -15.7136678      185.904342      144.701955      25102.1443 01220
       863.994142      4599.74672     -1009.11837      90.2668576 00320
       1488.43207      1835.26333      50.5281932        -930.899 20030
       203.033163       87.113727      79.7941905      39788.7678 11030
       22.8782269      2.87067906      17.0535538     -118752.747 02030
       432.681805       125.17678      242.767572      29493.1698 10130
       5.40333584      55.3578674      28.1017908     -259877.198 01130
       74.4933838      911.919712      -239.02293      1100.41524 00230
       40.3318508     -20.3891991      43.8397682     -13196.6766 10040
      -2.60952278      5.05496096      4.78204946      303094.278 01040
      -13.2243697      84.6205012     -29.1292299     -17333.4694 00140
      -5.26900894       2.2135592     -2.37726047      30963.1531 00050
      -85.1940945    0.0598125076     0.554194644               0 60000
       1502.53436      -1.5528263      -14.322469               0 51000
      -6371.86303     -29.9209905      21.1941682               0 42000
      -2396.56331      -39.083786      164.945226               0 33000
      -627.937823       59.845029      41.4304606               0 24000
      -152.122931      36.8835821      3.06568609               0 15000
       -44.810196      17.0253321      -2.4685432               0 06000
      -77.7339252     -26.5649532      4.32155089               0 50100
       1109.14675      370.300244     -41.9954598               0 41100
      -3725.12471     -1350.39806      211.839226               0 32100
        462.16809     -578.957224       179.14571               0 23100
       509.275876     -182.357348      69.0284324               0 14100
       167.071126     -46.9645248      18.8867183               0 05100
      -116.048042      114.049084       -33.39552               0 40200
       1411.57358     -1241.41012      290.524515               0 31200
       -4643.4691      2854.06409     -517.774355               0 22200
      -1032.75366      802.950598     -130.553755               0 13200
      -204.758497      191.246566     -32.6432787               0 04200
      -48.6628872      32.8768138     -40.9336439               0 30300
       349.978182     -327.686703      205.658447               0 21300
       865.917068      824.958929     -627.369645               0 12300
       673.085209      275.515566     -187.152505               0 03300
      -15.3038795     -30.6982785     -17.4949362               0 20400
      -347.043636      548.996746     -61.8879906               0 11400
       544.312702     -1782.29113      94.8919072               0 02400
       42.5350944     -126.852861      27.9226974               0 10500
      -310.831928     -286.082377      83.1967075               0 01500
       12.7472581      51.1138909      -20.925069               0 00600
       30.9125863       78.810942     -6.56761044               0 50010
      -306.672866     -231.621187     -181.119081               0 41010
      -24.8908009     -35.9668271     -73.3789211               0 32010
        151.27351     -25.4813819     -4.87575794               0 23010
       72.4901785     -13.9795216      2.92504346               0 14010
       20.8157868     -4.79647666      1.33570737               0 05010
       602.301114     -1174.23428      422.686143               0 40110
      -3628.85207      7147.61931     -1974.80805               0 31110
      -945.166317      1778.83321      -453.84969               0 22110
      -113.817924      320.459435     -74.4087483               0 13110
      -8.42785905       55.506112     -11.6476221               0 04110
       903.439457      -51.215467      655.398497               0 30210
      -3558.02765      749.517682     -1243.30845               0 21210
      -665.189293      233.651632      -321.59458               0 12210
      -64.8150532      49.8711399     -58.9147174               0 03210
       859.249524     -88.7443145       421.14986               0 20310
      -261.827473     -41.4840048     -152.685758               0 11310
      -74.3088275      1.33804294     -58.4615734               0 02310
       243.307669      1886.88687     -416.105261               0 10410
      -248.996854     -117.965979     -12.2263103               0 01410
      -65.1581707     -1098.51912      492.544073               0 00510
       94.8382412      2039.84044     -1044.39178               0 40020
      -231.401953      1643.62974     -536.308551               0 31020
      -41.7133082      351.429163     -101.253136               0 22020
       2.50152614      60.7696012     -15.6642543               0 13020
       2.25851371      10.1629673     -2.34589012               0 04020
      -5923.46664     -1564.75364     -2134.52279               0 30120
      -1016.06999     -140.444606     -382.758159               0 21120
      -137.812092     -2.34572295     -63.1606979               0 12120
      -14.2035228      1.03360889     -9.51556829               0 03120
       86.4017273      51.7792789     -196.278144               0 20220
       10.5128999      48.6992621     -66.2023575               0 11220
       1.94600704      16.2004572     -14.3948437               0 02220
       210.657971      469.344567     -39.5691853               0 10320
        55.904525     -54.9237222      4.04013204               0 01320
      -99.7372892     -79.2535818      74.4283163               0 00420
      -1064.17546      240.449556     -577.560699               0 30030
      -158.415596      17.1241924     -78.4974222               0 21030
      -19.8145144      3.04281904     -11.0827007               0 12030
      -2.00227551      0.41797355      -1.5286668               0 03030
      -8.06129078      48.6725147     -64.3527294               0 20130
        1.2872298       14.784169      -13.623852               0 11130
      0.793350751      3.44814112     -2.43751438               0 02130
       45.9340916      91.1122135     -7.58962899               0 10230
       13.5790582     -7.14317831    -0.179314009               0 01230
      -14.4083457      19.2704031     -8.13992386               0 00330
      -7.56119706      3.31709658     -10.7211287               0 20040
         0.199254      2.60222174     -2.14323951               0 11040
      0.229426827     0.596737754     -0.35841575               0 02040
       5.38379164      11.2000382     -1.11607456               0 10140
       1.96089969     -1.39766158   -0.0664634647               0 01140
      -1.22810691      5.02728381     -3.19073796               0 00240
      0.851846533      2.73624014    -0.520998101               0 10050
      0.272749674    -0.102736174   -0.0508253741               0 01050
     0.0494091796       1.0689005    -0.676010529               0 00150
     0.0313747247     0.195624019    -0.119641451               0 00060
       1.12584242               0               0       0.7681777 00001
      -3.30929606               0               0     -1.24824954 10001
        9.5582156               0               0      7.18980365 01001
      -12.8075508               0               0     -1.79480024 00002
        31.328287               0               0      4.30979026 20001
      -366.358594               0               0     -47.5141035 11001
       1281.27264               0               0      127.404997 02001
       8.46492946               0               0      1.52132362 00201
      -212.181332               0               0     -44.8420242 00111
       86.2168045               0               0      13.9035869 10002
      -202.375577               0               0     -75.1770025 01002
       1292.40575               0               0      332.945301 00021
       152.465743      412.398418      -118.55168               0 00012
       56.8142343               0               0      15.5951865 00003
      -111.090641               0               0     -15.7177358 30001
        1301.2309               0               0      249.924995 21001
      -3377.64137               0               0     -1205.61003 12001
      -1080.57253               0               0      1650.70638 03001
      -206.758367               0               0     -8.63945412 10201
        1286.1228               0               0       51.734534 01201
        457.38899               0               0       246.32877 10111
       315.521007               0               0     -1468.88025 01111
      -2.86376084               0               0     -77.6962058 20002
      -284.532504               0               0      808.267218 11002
      -54.9686786               0               0     -1887.27393 02002
      -894.903229               0               0     -13.1721627 00202
      -58.1868148               0               0     -1758.72381 10021
       28.1001103               0               0      10443.6142 01021
       24.9869024               0               0      377.176889 00112
      -4.71048927               0               0     -174.332974 10003
     -0.949356614               0               0      893.518077 01003
       5.91096156               0               0     -2708.57078 00022
       0.10590745               0               0     -149.156349 00004
     0.0744204334               0               0               0 00101
     -0.932044457               0               0               0 00011
       2.84521581               0               0               0 10101
       -25.439373               0               0               0 01101
       13.7051555               0               0               0 10011
      -72.5425087               0               0               0 01011
       11.1885519               0               0               0 00102
       -29.857604               0               0               0 20101
       257.607594               0               0               0 11101
       222.800622               0               0               0 02101
      -5.74703998               0               0               0 00301
      -58.3774171               0               0               0 20011
      -75.7986407               0               0               0 11011
      -20.0306669               0               0               0 02011
        81.569985               0               0               0 00211
       39.9072357               0               0               0 10102
       26.1337898               0               0               0 01102
       11.1028012               0               0               0 00121
       15.8064184               0               0               0 10012
        2.5233279               0               0               0 01012
       1.49611639               0               0               0 00103
       2.94427172               0               0               0 00031
      0.196444306               0               0               0 00013
        169.57368               0               0               0 40001
      -1188.40309               0               0               0 31001
      -2564.00859               0               0               0 22001
      -796.126266               0               0               0 13001
      -170.135856               0               0               0 04001
       25.2737324               0               0               0 30101
      -302.117798               0               0               0 21101
       10.5088748               0               0               0 12101
       17.9545609               0               0               0 03101
       393.042869               0               0               0 20201
      -2654.79358               0               0               0 11201
      -675.207959               0               0               0 02201
       31.5374558               0               0               0 10301
      -66.2872749               0               0               0 01301
       11.0483668               0               0               0 00401
       53.9952733               0               0               0 30011
       19.8514223               0               0               0 21011
       6.99512779               0               0               0 12011
       2.03058969               0               0               0 03011
      -414.755722               0               0               0 20111
      -242.924295               0               0               0 11111
      -53.2831769               0               0               0 02111
       14.0854426               0               0               0 10211
      -7.18970025               0               0               0 01211
       46.6175282               0               0               0 00311
        327.02351               0               0               0 30002
      -46.7603764               0               0               0 21002
      -13.1130776               0               0               0 12002
      -2.14608775               0               0               0 03002
      -405.162634               0               0               0 20102
      -37.8327394               0               0               0 11102
      -3.28616433               0               0               0 02102
      -797.756623               0               0               0 10202
      -100.253463               0               0               0 01202
         -58.1494               0               0               0 00302
      -49.7218825               0               0               0 20021
          -23.494               0               0               0 11021
      -4.63065295               0               0               0 02021
      -7.01252658               0               0               0 10121
      -1.66128414               0               0               0 01121
       8.99761159               0               0               0 00221
      -26.9158564               0               0               0 20012
      -2.93740577               0               0               0 11012
     -0.281699956               0               0               0 02012
      -44.2613806               0               0               0 10112
      -5.18873926               0               0               0 01112
      -2.30913015               0               0               0 00212
       12.9742811               0               0               0 20003
       1.29863794               0               0               0 11003
      0.179319821               0               0               0 02003
      0.359636043               0               0               0 10103
    -0.0686000125               0               0               0 01103
      0.479897726               0               0               0 00203
      -1.51837641               0               0               0 10031
     -0.259505376               0               0               0 01031
       1.21378871               0               0               0 00131
      -3.83394487               0               0               0 10022
     -0.448803101               0               0               0 01022
     0.0432742246               0               0               0 00122
      0.043379578               0               0               0 10013
   0.000381017134               0               0               0 01013
     0.0717327023               0               0               0 00113
    0.00404935152               0               0               0 10004
  -0.000704014248               0               0               0 01004
    0.00417717692               0               0               0 00104
      0.265212468               0               0               0 00041
     0.0342938618               0               0               0 00032
      0.027421903               0               0               0 00023
    0.00382346774               0               0               0 00014
     0.0014659581               0               0               0 00005
      -221.978975               0               0               0 50001
       2081.48433               0               0               0 41001
      -430.560936               0               0               0 32001
      -218.050288               0               0               0 23001
      -55.5844501               0               0               0 14001
      -11.3642568               0               0               0 05001
       108.432463               0               0               0 40101
      -931.864934               0               0               0 31101
      -192.977158               0               0               0 22101
      -28.6473383               0               0               0 13101
      -3.41017534               0               0               0 04101
       61.3278498               0               0               0 30201
      -43.6289186               0               0               0 21201
      -47.1521819               0               0               0 12201
       -14.919883               0               0               0 03201
       58.8310901               0               0               0 20301
       -36.337865               0               0               0 11301
      -8.01512328               0               0               0 02301
      -104.944287               0               0               0 10401
       34.7713353               0               0               0 01401
      -122.288125               0               0               0 00501
      -77.5453423               0               0               0 40011
      -64.1314449               0               0               0 31011
      -13.9857505               0               0               0 22011
      -2.33654082               0               0               0 13011
     -0.340596491               0               0               0 04011
       29.3394194               0               0               0 30111
       48.1149331               0               0               0 21111
       9.50174924               0               0               0 12111
       1.38837541               0               0               0 03111
       52.4792515               0               0               0 20211
       3.80058742               0               0               0 11211
      0.234555136               0               0               0 02211
       39.5808085               0               0               0 10311
       15.2563542               0               0               0 01311
      -7.28080327               0               0               0 00411
      -597.497346               0               0               0 40002
      -102.721749               0               0               0 31002
      -15.3681107               0               0               0 22002
      -2.17208316               0               0               0 13002
     -0.274609264               0               0               0 04002
       106.837983               0               0               0 30102
       12.3766158               0               0               0 21102
        1.4653033               0               0               0 12102
      0.185393293               0               0               0 03102
       11.8887131               0               0               0 20202
      -2.55669988               0               0               0 11202
     -0.863809017               0               0               0 02202
       18.8047014               0               0               0 10302
        2.4966758               0               0               0 01302
      -3.93088497               0               0               0 00402
       12.7034651               0               0               0 30021
       7.96187516               0               0               0 21021
       1.60982507               0               0               0 12021
      0.257565675               0               0               0 03021
       5.93574507               0               0               0 20121
      0.679348453               0               0               0 11121
     0.0757550151               0               0               0 02121
       7.36294581               0               0               0 10221
       2.30080135               0               0               0 01221
     -0.118383007               0               0               0 00321
       14.4258145               0               0               0 30012
       1.52658163               0               0               0 21012
      0.163028817               0               0               0 12012
     0.0171689509               0               0               0 03012
       15.0743734               0               0               0 20112
       1.60706583               0               0               0 11112
      0.166465023               0               0               0 02112
       2.28803297               0               0               0 10212
      0.265413449               0               0               0 01212
        3.2668393               0               0               0 00312
      -1.44694805               0               0               0 30003
     -0.301551821               0               0               0 21003
    -0.0979405958               0               0               0 12003
    -0.0218874633               0               0               0 03003
      0.213731277               0               0               0 20103
   -0.00424871757               0               0               0 11103
   -0.00263981236               0               0               0 02103
     -0.390336182               0               0               0 10203
    -0.0220563449               0               0               0 01203
     -0.025206107               0               0               0 00303
      0.835395726               0               0               0 20031
      0.101082424               0               0               0 11031
     0.0113826515               0               0               0 02031
      0.967539242               0               0               0 10131
      0.283940573               0               0               0 01131
     0.0704094684               0               0               0 00231
       1.96621152               0               0               0 20022
      0.211929662               0               0               0 11022
      0.022229702               0               0               0 02022
      0.192176728               0               0               0 10122
     0.0208429359               0               0               0 01122
      0.409197722               0               0               0 00222
     0.0116208798               0               0               0 20013
  -0.000861751979               0               0               0 11013
  -0.000368034008               0               0               0 02013
    -0.0305595883               0               0               0 10113
   0.000792820773               0               0               0 01113
   -0.00103581312               0               0               0 00213
    -0.0317665296               0               0               0 20004
   -0.00868692894               0               0               0 11004
   -0.00130336633               0               0               0 02004
   -0.00485930059               0               0               0 10104
  -0.000181322677               0               0               0 01104
    -0.0225313015               0               0               0 00204
      0.102736083               0               0               0 10041
     0.0316791817               0               0               0 01041
     0.0177406989               0               0               0 00141
     0.0128130316               0               0               0 10032
    0.00134309873               0               0               0 01032
     0.0442654916               0               0               0 00132
   -0.00500745668               0               0               0 10023
  -3.62264901e-05               0               0               0 01023
  -0.000100846774               0               0               0 00123
  -0.000259911565               0               0               0 10014
  -8.65988929e-06               0               0               0 01014
   0.000126433262               0               0               0 00114
  -0.000376405317               0               0               0 10005
   -4.9526213e-05               0               0               0 01005
   5.05435025e-05               0               0               0 00105
    0.00318778677               0               0               0 00051
    0.00474276817               0               0               0 00042
   1.08549858e-05               0               0               0 00033
     9.083549e-05               0               0               0 00024
   3.11879063e-06               0               0               0 00015
   2.32698271e-06               0               0               0 00006
 ---------------------------------------------
